[gd_scene load_steps=5 format=3 uid="uid://bchlck2canrds"]

[sub_resource type="BoxMesh" id="BoxMesh_aq6pm"]

[sub_resource type="BoxShape3D" id="BoxShape3D_a6eum"]
size = Vector3(0.766535, 0.435218, 0.398264)

[sub_resource type="BoxMesh" id="BoxMesh_wcb17"]

[sub_resource type="BoxShape3D" id="BoxShape3D_eru2n"]

[node name="Arena" type="Node3D"]

[node name="Floor" type="MeshInstance3D" parent="."]
transform = Transform3D(4.69422, 0, 0, 0, 1.12253, 0, 0, 0, 3.16153, 0, -0.588692, 0)
mesh = SubResource("BoxMesh_aq6pm")

[node name="StaticBody3D" type="StaticBody3D" parent="Floor"]

[node name="CollisionShape3D" type="CollisionShape3D" parent="Floor/StaticBody3D"]
transform = Transform3D(1, 0, 0, 0, 1, 0, 0, 0, 0.999999, -0.00513983, 0.290564, 0.296593)
shape = SubResource("BoxShape3D_a6eum")

[node name="FighterStartPositions" type="Node3D" parent="Floor"]

[node name="P1" type="Node3D" parent="Floor/FighterStartPositions"]
transform = Transform3D(1, 0, 0, 0, 1, 0, 0, 0, 1, -0.305692, 0.52, 0.31993)

[node name="P2" type="Node3D" parent="Floor/FighterStartPositions"]
transform = Transform3D(1, 0, 0, 0, 1, 0, 0, 0, 1, 0.262104, 0.52, 0.31993)

[node name="Wall" type="MeshInstance3D" parent="."]
transform = Transform3D(0.462, 0, 0, 0, 3.24, 0, 0, 0, 3, -2.08, 1.6, 0.009)
mesh = SubResource("BoxMesh_wcb17")

[node name="StaticBody3D" type="StaticBody3D" parent="Wall"]

[node name="CollisionShape3D" type="CollisionShape3D" parent="Wall/StaticBody3D"]
shape = SubResource("BoxShape3D_eru2n")

[node name="Wall2" type="MeshInstance3D" parent="."]
transform = Transform3D(0.462, 0, 0, 0, 3.24, 0, 0, 0, 3, 2.06272, 1.6, 0.009)
mesh = SubResource("BoxMesh_wcb17")

[node name="StaticBody3D" type="StaticBody3D" parent="Wall2"]

[node name="CollisionShape3D" type="CollisionShape3D" parent="Wall2/StaticBody3D"]
shape = SubResource("BoxShape3D_eru2n")

[node name="BackWall" type="MeshInstance3D" parent="."]
transform = Transform3D(-2.01947e-08, 0, 4.09747, 0, 3.24, 0, -0.462, 0, -1.79106e-07, 0.123717, 1.6, -1.28939)
mesh = SubResource("BoxMesh_wcb17")

[node name="LightHolders" type="Node3D" parent="."]

[node name="DirectionalLight3D" type="DirectionalLight3D" parent="LightHolders"]
transform = Transform3D(1, 0, 0, 0, 0.868969, 0.494867, 0, -0.494867, 0.868969, 0, 3.5087, 4.23339)
light_energy = 0.179

[node name="SpotLight3D" type="SpotLight3D" parent="LightHolders"]
transform = Transform3D(1, 0, 0, 0, -0.0610834, 0.998133, 0, -0.998133, -0.0610834, 0, 5.33706, 0)
spot_range = 2.37

[node name="Camera3D" type="Camera3D" parent="."]
transform = Transform3D(1, 0, 0, 0, 0.99937, -0.0354925, 0, 0.0354925, 0.99937, 0, 0.519553, 2.37235)
